6 36.87 2.11 81.30 1.02 156.05 2.15 149.23 2.03 51.55 1.08 159.71 2.36
3 68.67 1.69 121.30 1.26 138.70 1.57
2 148.54 2.17 43.87 2.39
4 127.46 1.74 97.74 1.25 134.82 1.25 154.17 1.44
5 42.60 1.58 167.22 1.62 80.17 1.55 119.45 2.47 32.45 1.26
8 155.71 1.74 162.46 1.37 136.64 1.01 96.33 1.90 189.36 1.16 199.40 2.33 199.45 1.83 134.96 2.03
7 191.76 1.88 171.60 1.61 100.51 2.01 180.17 1.42 38.48 1.10 160.22 1.38 95.97 2.24
10 148.44 2.20 72.30 1.17 40.85 1.33 32.95 2.43 160.79 2.45 148.49 2.09 174.30 1.81 145.87 1.38 114.41 1.99 107.81 1.70
3 150.10 1.44 42.13 2.23 33.73 1.84
5 128.85 2.22 184.17 2.05 130.91 2.44 138.32 1.61 34.00 2.46








