11 32 12 20 35 4 27 26 17 2 43 33
18 20 24 47 28 33 31 34 20 50 8 13 36 19 18 22 31 38 19
5 6 12 41 50 13
6 42 2 8 8 34 44
12 22 29 19 27 31 21 13 49 10 45 37 37
10 48 44 40 46 27 31 49 47 49 40
19 38 13 34 29 20 47 15 35 3 11 3 16 13 42 37 36 24 20 13
4 9 15 49 36
2 2 21
4 38 19 28 26
14 36 19 29 29 36 32 45 42 16 12 2 17 5 32
11 12 15 23 28 4 12 39 43 40 24 30
16 50 31 15 39 48 17 49 14 30 22 37 27 40 22 4 28
19 41 19 31 35 25 49 41 35 11 32 7 37 25 40 40 4 43 25 1
17 38 14 35 6 33 21 44 30 12 44 20 3 40 49 39 22 41
12 1 20 20 26 15 27 8 8 5 36 48 3
10 6 29 16 45 18 15 6 34 3 32
10 47 1 18 13 38 40 34 26 45 33
7 15 30 37 4 44 10 9
20 2 50 5 11 3 21 43 49 24 48 2 12 11 17 31 49 25 45 30 49
8 10 21 42 19 3 14 26 4
16 13 8 31 37 46 10 34 28 27 14 34 12 41 22 43 35
1 5
2 24 12
4 36 18 29 3
11 47 3 47 28 47 37 6 5 6 30 44
13 45 17 37 32 49 19 25 45 3 41 43 40 31
12 25 7 3 4 6 30 24 3 15 13 7 17
15 46 32 48 44 39 13 2 7 46 25 47 36 15 2 2
15 38 15 33 18 33 42 45 49 48 3 45 21 27 39 15
8 45 32 25 38 8 20 29 23
17 17 25 35 6 28 2 15 18 7 30 1 42 4 38 49 34 29
12 4 42 13 7 46 27 24 42 41 19 48 11
13 36 37 1 11 5 24 23 22 23 44 27 3 42
9 14 11 30 13 6 24 8 22 30
19 6 4 32 44 33 19 30 17 15 14 27 43 33 41 43 43 23 9 31
1 47
2 37 27
9 30 15 45 35 42 44 26 48 14
17 20 36 50 31 38 26 26 45 33 18 11 43 17 40 10 20 46
14 10 32 47 43 24 35 20 11 20 27 5 21 6 22
13 46 4 49 10 23 12 11 23 19 49 42 38 35
9 11 3 34 28 23 46 1 14 15
10 13 37 6 21 37 5 38 21 30 29
6 9 28 12 33 13 19
18 13 48 19 26 33 31 27 47 30 47 44 5 37 2 49 1 30 4
4 27 3 22 4
18 13 2 40 40 6 13 6 36 17 39 44 46 50 30 40 43 37 8
6 24 35 2 37 36 21
10 3 47 21 36 1 35 35 37 37 8
17 28 6 35 5 3 45 21 29 38 5 6 41 6 36 9 12 48
1 8
2 4 16
8 45 5 13 38 17 5 49 21
10 27 15 8 42 16 38 46 13 34 1
5 16 4 32 48 24
4 20 35 23 37
9 13 9 37 41 31 45 24 19 38
11 10 49 29 5 14 49 25 1 39 9 3
18 48 42 25 42 15 34 25 27 34 35 25 11 45 6 35 32 21 13
2 37 36
5 27 6 7 15 26
5 41 40 37 27 18
10 13 17 31 33 4 1 34 39 19 25
15 27 47 15 25 3 2 36 5 27 45 22 13 7 48 42
5 26 20 18 22 1
6 48 13 10 38 11 28
9 38 32 39 6 21 14 35 46 45
6 35 6 22 43 4 18
13 5 3 24 38 13 48 33 17 5 21 37 1 4
10 35 34 31 48 47 42 50 24 16 42
9 24 26 44 31 32 38 19 33 38
3 28 30 1
18 50 24 34 23 32 17 49 14 43 14 14 24 28 8 20 14 41 29
4 2 30 26 40
3 27 31 35
3 37 33 4
20 42 49 1 3 37 45 14 21 48 42 32 25 14 35 44 11 45 28 30 46
10 20 31 41 41 23 49 46 32 5 21
11 50 20 34 39 11 4 41 2 28 21 10
17 25 7 44 33 18 25 45 50 40 21 45 10 3 3 27 43 16
8 28 22 1 31 11 6 36 28
12 4 44 43 1 21 30 5 44 30 42 2 2
4 6 37 9 47
11 2 25 9 44 48 2 34 14 20 17 24
4 17 11 26 2
16 18 24 23 20 2 1 23 1 40 34 17 8 23 26 42 40
19 15 14 18 33 36 40 16 43 7 28 8 33 28 28 18 33 49 6 5
9 49 40 22 29 5 24 8 25 20
5 31 29 47 43 4
5 14 20 3 35 39
9 45 6 17 14 50 25 39 9 29
10 38 1 35 13 6 49 32 35 21 41
19 16 34 44 10 35 48 48 18 29 33 38 11 38 14 33 11 35 27 49
17 40 15 48 36 49 45 24 37 26 25 4 15 20 32 27 45 34
7 15 43 13 16 49 42 43
17 39 11 40 8 10 25 7 1 28 21 18 32 17 13 1 38 17
9 22 7 21 25 11 49 18 1 8
5 39 28 41 36 1
6 20 27 4 20 41 2
11 34 37 22 33 46 38 17 48 2 1 22
17 46 19 10 4 43 2 26 35 25 49 45 6 12 6 1 46 20
5 43 27 28 21 30
20 27 1 4 35 18 19 30 42 33 26 46 10 6 6 47 3 42 41 34 24
10 42 18 48 29 50 32 1 7 15 22
15 35 44 7 39 29 39 19 1 43 4 23 48 49 32 1
4 15 42 31 29
20 18 21 5 26 23 41 37 37 37 36 34 21 36 8 9 49 19 16 8 43
17 12 11 41 25 35 21 17 22 31 39 20 49 14 36 19 11 24
10 1 12 2 14 17 13 22 32 44 46
6 35 31 6 48 11 20
7 21 35 7 37 50 37 44
7 20 15 4 23 6 42 3
13 7 1 4 16 18 11 13 11 32 48 12 23 44
20 41 4 15 29 24 1 43 21 40 6 39 25 8 50 48 18 13 7 45 46
16 24 6 21 21 20 46 30 45 27 49 7 28 33 9 18 12
9 3 33 31 16 14 34 8 33 10
18 20 46 16 21 1 15 13 23 35 24 18 32 4 18 47 45 8 36
2 10 8
19 43 34 36 31 33 25 42 36 36 22 1 33 20 28 33 34 33 5 50
11 7 46 31 42 22 40 6 38 30 38 22
15 25 22 6 25 20 4 33 21 2 31 26 36 7 4 12
12 11 49 44 38 39 8 47 40 44 28 41 20
9 30 3 15 26 48 49 18 9 11
4 28 17 37 8
17 23 2 41 24 9 43 17 18 48 16 14 13 22 28 28 5 34
11 3 16 23 13 8 29 31 14 35 22 37
14 2 41 20 45 8 3 45 2 6 23 37 11 48 6
14 9 11 10 34 35 20 1 30 10 19 50 45 1 9
4 28 3 45 16
20 17 8 13 1 14 8 23 37 10 3 28 50 42 19 30 6 43 19 41 15
9 49 14 14 11 40 15 49 47 23
4 36 39 49 4
16 25 47 5 20 40 27 43 34 32 38 4 13 15 36 19 14
4 39 24 14 5
7 39 39 46 25 19 27 3
18 40 3 12 10 7 41 2 31 16 14 46 47 41 45 49 12 30 30
2 44 5
1 14
18 28 8 16 1 42 11 29 22 50 34 22 50 10 30 18 26 28 11
14 30 19 35 40 49 4 22 34 8 34 37 11 6 36
11 37 37 45 13 26 48 5 33 35 46 34
17 21 36 27 46 27 19 11 22 10 14 23 34 29 13 35 2 17
20 27 13 30 28 30 3 23 22 39 21 1 27 26 3 2 25 50 34 45 30
5 1 48 19 44 16
9 12 4 46 18 2 50 18 31 48
13 14 23 46 16 31 29 15 33 10 31 3 41 3
16 32 36 27 30 50 8 50 41 47 15 19 11 4 2 28 1
2 37 48
2 35 49
4 8 24 28 2
15 20 11 44 28 19 45 13 39 10 38 36 37 2 9 34
16 50 28 34 19 25 43 26 21 45 10 29 44 45 22 17 9
11 16 5 11 21 26 10 49 38 8 14 7
5 32 19 49 12 23
10 45 45 17 43 47 6 23 42 11 36
8 45 27 8 25 12 42 10 15
18 48 32 41 5 8 19 2 18 46 31 6 8 29 20 35 29 6 14
3 36 33 1
9 17 35 18 8 43 47 14 16 14
15 40 47 50 23 7 10 18 3 16 21 28 26 13 48 41
3 26 13 28
1 48
8 5 12 18 10 14 22 26 4
19 49 47 37 47 41 28 23 19 31 8 15 15 50 28 41 42 24 4 43
19 7 49 35 36 30 49 36 33 37 10 42 1 35 7 49 14 26 34 8
12 41 25 29 37 40 26 36 43 28 35 10 21
16 4 28 7 24 6 47 12 7 33 2 16 20 11 35 12 26
9 20 25 39 46 28 18 21 20 35
3 41 9 21
14 24 23 50 10 8 10 23 7 17 3 41 20 4 33
3 44 29 1
17 39 1 2 43 11 19 46 16 9 27 28 32 19 5 11 40 5
3 21 22 2
15 8 21 9 4 3 47 45 29 17 27 1 35 6 41 7
18 9 15 37 29 14 6 20 39 37 30 8 12 6 28 26 42 2 5
11 37 5 42 7 16 1 17 7 32 23 2
19 15 37 35 16 35 46 11 10 38 14 32 41 26 3 47 46 47 16 37
6 34 18 12 36 21 2
10 36 34 10 50 11 25 25 47 22 14
5 26 4 26 35 26
5 22 23 7 10 24
15 24 1 6 39 5 23 33 31 33 34 35 47 11 50 9
3 37 21 38
4 3 42 45 46
20 46 44 10 8 13 6 24 34 16 42 19 13 46 46 1 43 44 16 39 1
3 23 44 6
11 15 24 23 17 13 7 17 19 6 6 46
8 42 23 21 43 6 44 47 42
18 41 23 38 14 36 24 41 12 50 20 4 45 30 36 14 21 18 1
14 50 12 15 15 25 23 13 7 21 7 50 47 18 19
6 5 4 1 10 50 25
18 47 5 24 38 33 17 1 16 17 37 30 35 37 18 25 36 38 32
1 1
1 11
17 12 15 25 41 28 7 15 6 49 25 33 45 31 37 12 30 38
1 16
2 50 19
15 32 23 30 34 40 20 7 44 41 28 35 20 32 17 13
9 5 44 26 48 26 33 28 18 13
8 32 1 45 25 12 29 33 35
14 19 31 2 15 29 45 35 9 46 13 14 24 22 42
17 19 4 43 34 1 11 12 48 23 25 44 10 50 7 39 33 17
3 48 30 45
10 8 12 50 47 42 15 36 18 9 15
2 49 20
10 13 32 35 39 15 45 44 44 42 38
4 46 43 12 10
13 17 50 11 28 14 1 30 44 19 24 6 24 36
10 28 16 18 24 44 27 29 10 9 48
2 17 3
4 49 29 18 30
2 11 37
13 25 46 35 44 1 44 31 27 23 13 48 37 6
14 36 21 18 23 1 27 37 43 14 44 27 2 42 39
15 42 7 11 36 44 38 10 27 25 30 47 26 24 32 47
9 35 28 34 19 2 23 30 36 47
14 21 34 47 23 18 42 16 20 44 15 31 49 36 13
16 7 32 3 30 41 19 25 38 14 39 17 36 25 37 15 12
16 4 32 2 23 36 13 21 29 42 46 21 33 14 36 18 14
19 24 24 17 37 9 48 7 24 41 50 6 47 5 3 42 45 2 22 47
8 46 21 45 43 23 28 38 13
5 8 30 24 4 13
20 40 26 1 44 23 22 38 32 42 26 37 43 48 46 5 15 25 43 16 7
6 31 41 48 17 42 15
18 11 28 15 40 29 46 31 3 20 42 3 48 47 45 1 40 45 44
12 37 16 18 11 2 21 49 40 32 36 30 33
8 12 26 14 15 14 15 34 14
9 30 47 6 8 6 22 36 17 25
18 41 10 34 14 17 2 21 25 11 8 35 6 3 12 24 50 39 27
1 8
2 8 2
8 44 17 28 25 47 18 24 25
8 30 45 37 4 30 7 45 28
20 18 25 30 42 4 8 49 38 45 31 39 27 33 4 39 41 9 23 16 34
5 25 40 32 14 33
10 37 7 48 27 46 27 11 1 31 1
6 31 44 8 21 46 20
17 26 13 45 8 34 37 11 45 3 45 43 7 12 36 21 19 13
6 4 45 45 25 44 13
11 27 37 32 45 27 1 24 6 44 7 20
6 23 32 13 10 36 39
11 24 5 27 17 2 14 33 2 1 41 44
14 23 35 42 36 48 34 25 22 17 28 38 22 29 49
14 27 40 33 20 24 36 48 38 44 31 44 34 22 24
16 48 32 39 35 40 25 40 39 29 15 29 2 5 37 24 44
6 35 47 3 36 12 12
1 37
10 18 44 15 37 44 2 26 26 3 6
13 43 43 44 6 8 39 37 32 31 11 25 40 46
15 11 49 48 7 20 21 28 35 38 36 24 28 11 39 18
10 34 6 9 41 20 25 24 6 35 28
16 29 10 37 31 33 6 17 22 42 37 45 44 27 30 38 37
11 20 34 10 45 42 8 7 36 40 22 44
14 35 3 3 19 6 30 28 36 7 39 24 10 34 17
17 1 16 24 19 3 23 19 36 47 14 10 13 14 21 2 27 1
14 36 2 48 5 14 11 12 48 45 23 21 9 17 39
19 46 45 38 13 40 44 16 3 14 6 33 41 23 49 23 48 28 28 23
5 13 48 25 21 9
11 40 24 7 13 13 48 7 18 16 6 22
19 45 49 2 15 41 42 46 6 21 5 3 46 34 32 47 2 48 49 24
7 50 23 4 14 31 24 8
18 34 20 27 31 23 19 39 27 35 36 21 18 50 10 50 19 26 10
5 31 6 36 20 27
18 32 36 9 39 24 43 22 31 45 21 28 47 41 13 31 41 28 2
11 22 33 41 44 31 25 19 43 18 6 21
12 4 37 5 46 22 15 21 26 27 14 21 47
12 26 17 23 20 49 39 15 3 35 10 31 25
9 49 1 19 11 22 20 30 37 18
10 41 28 11 34 8 4 14 6 26 25
14 10 37 14 15 38 33 45 49 6 47 43 40 47 13
16 5 16 4 21 6 46 14 17 5 18 22 21 17 15 3 2
4 48 13 14 18
20 44 5 9 23 38 45 50 30 25 20 12 40 43 27 32 35 47 32 37 28
2 19 47
1 45
14 23 13 31 45 30 40 34 12 1 23 20 41 30 37
20 7 36 32 49 24 13 30 37 32 45 13 15 42 12 25 1 25 28 32 31
13 31 36 23 5 18 14 9 22 33 19 20 38 4
7 41 39 13 25 15 19 36
19 50 46 47 10 33 47 28 32 49 22 14 9 17 12 28 29 8 49 36
20 47 42 7 7 38 11 19 19 27 32 20 44 11 45 42 11 33 42 11 38
5 14 25 21 3 20
12 14 41 24 45 34 41 11 17 34 2 43 8
12 26 23 37 19 8 12 11 30 41 34 38 24
10 30 3 13 40 45 38 27 21 26 10
8 3 25 12 22 16 5 49 18
15 35 26 37 29 39 30 38 31 5 32 27 9 46 24 40
12 21 14 38 44 15 1 11 42 29 40 27 27
1 9
16 35 33 38 31 46 8 43 42 31 45 3 17 31 22 17 6
20 15 2 30 50 50 50 15 22 29 29 27 24 15 29 32 13 47 23 34 3
13 47 6 49 19 40 47 18 2 45 46 36 18 46
13 10 31 9 35 15 27 3 33 11 20 25 47 44
10 24 2 21 49 39 25 45 47 17 37
15 21 13 2 18 50 15 47 33 25 31 12 50 20 38 1
15 4 45 50 33 12 24 49 2 50 20 46 32 38 2 39
16 49 5 40 22 35 22 26 40 18 7 2 15 27 10 32 29
16 21 16 24 30 15 29 3 5 31 30 25 43 21 37 10 33
19 37 43 32 25 47 50 31 18 44 39 45 40 37 45 6 48 34 48 10
14 49 45 44 5 5 40 16 26 11 27 17 38 26 35
5 26 29 45 21 31
6 1 30 22 17 31 18
7 6 18 2 40 36 40 33
1 34
14 6 15 14 22 38 4 23 5 32 12 7 12 24 20
15 39 17 45 12 18 13 42 44 32 45 28 43 6 2 40
6 33 12 6 27 9 36
12 30 45 15 33 27 42 19 28 5 32 45 46
18 33 9 31 36 1 27 25 8 20 23 17 29 18 4 49 48 37 34
4 2 43 22 12
10 45 46 15 39 37 49 47 42 13 28
9 14 26 14 17 37 27 39 17 41
14 47 16 8 19 16 43 47 21 42 20 36 14 14 3
14 27 5 34 31 14 16 35 43 6 44 21 10 32 22
10 20 37 22 9 21 5 23 24 50 14
20 35 2 32 25 36 40 46 4 28 35 47 10 46 1 44 19 46 38 37 31
8 49 11 4 40 8 5 42 20
17 26 50 46 9 49 18 2 34 27 23 36 41 15 16 8 14 5
14 17 34 23 4 6 28 13 46 28 48 7 3 47 40
8 47 43 5 33 3 35 35 14
2 21 31
10 49 35 7 30 4 8 33 46 41 29
4 45 15 1 39
6 34 17 23 25 25 31
18 43 37 34 40 16 43 10 50 31 26 32 45 16 35 4 25 20 6
15 45 41 4 22 39 39 36 27 27 36 22 23 38 36 29
17 15 37 26 49 23 49 18 34 25 34 5 42 5 20 19 14 24
9 41 27 35 47 2 16 17 17 15
10 48 11 43 26 8 6 40 40 19 20
8 27 11 24 5 33 36 47 31
7 44 32 37 32 25 33 17
6 41 9 34 38 35 2
9 8 21 49 23 10 24 1 34 49
8 5 36 6 48 1 23 36 1
9 50 6 9 10 32 10 24 9 35
9 46 12 16 24 24 41 26 20 50
2 18 25
14 13 28 29 35 30 31 23 36 50 18 46 37 1 39
13 35 2 6 49 26 9 42 19 36 21 13 7 47
2 18 33
7 40 34 34 17 30 24 30
18 37 1 18 35 39 15 26 37 50 14 3 8 44 36 7 17 23 25
17 6 15 39 18 9 18 15 10 8 3 48 22 8 29 5 10 18
19 47 10 9 39 36 43 40 36 21 26 45 50 37 10 16 32 15 6 3
17 50 11 12 29 32 3 8 26 40 19 21 10 22 43 9 5 47
11 13 37 37 37 49 17 26 20 30 17 42
11 26 35 25 16 12 30 27 33 12 18 14
8 33 31 19 21 47 9 48 26
10 22 35 45 12 39 43 16 16 29 3
9 8 43 37 2 32 4 23 6 21
5 45 8 36 46 36
16 28 26 26 42 34 8 37 2 11 21 39 37 27 2 42 40
8 7 8 44 34 8 48 25 37
5 23 46 6 39 3
15 39 24 41 49 6 31 50 12 25 24 1 40 40 6 3
14 9 30 32 3 31 20 50 45 49 18 16 32 39 33
5 47 18 49 21 8
16 44 15 48 24 28 15 1 39 1 35 19 18 12 26 46 6
8 27 34 32 44 48 37 31 11
17 42 7 47 8 21 18 9 5 6 47 34 26 18 2 20 41 28
4 31 30 43 43
3 7 42 21
5 38 16 47 24 4
9 37 25 31 37 27 27 17 8 44
7 13 36 33 3 9 29 46
13 47 40 50 1 36 39 17 28 32 49 32 39 4
5 17 33 21 5 19
14 9 2 42 17 36 7 11 12 22 7 42 18 21 50
13 36 22 47 10 4 11 21 31 13 28 37 14 33
6 24 19 6 29 20 16
18 34 48 4 19 16 19 4 44 24 50 34 21 30 20 22 10 16 1
1 45
12 29 37 8 6 3 37 26 15 34 6 1 14
15 31 36 4 21 5 10 13 9 5 31 30 3 1 26 4
7 34 49 32 10 50 44 22
11 25 43 40 34 42 39 2 46 11 28 29
19 1 39 24 32 10 15 10 46 33 42 39 43 30 44 18 30 4 39 23
7 12 27 27 27 9 18 18
20 49 8 13 36 3 4 13 18 43 11 33 28 24 26 13 32 19 45 40 29
13 39 41 4 17 18 31 40 2 49 4 6 32 22
3 31 4 5
15 14 8 26 41 19 4 42 21 16 27 9 17 44 45 47
3 27 47 17
4 14 25 4 16
9 26 48 25 25 36 24 39 19 50
11 1 9 45 50 1 12 6 27 11 18 12
15 5 19 17 18 19 44 27 28 15 23 47 48 18 47 32
2 50 35
17 48 33 12 30 18 8 46 38 31 7 34 19 24 41 38 1 3
4 50 1 28 13
9 38 50 22 37 49 46 41 12 50
6 24 17 31 25 44 19
6 32 24 3 22 41 12
11 23 41 32 19 36 1 30 29 44 19 31
10 32 4 23 39 9 49 4 42 10 2
2 13 10
9 30 16 13 27 50 2 25 30 12
14 28 25 29 38 48 35 43 5 26 25 39 8 36 17
16 5 23 23 27 4 19 18 30 43 16 50 50 2 19 5 40
6 43 13 29 11 16 19
8 30 40 34 34 6 13 44 5
8 50 50 1 29 50 45 10 24
4 44 3 46 27
11 45 12 9 25 50 6 3 43 28 5 2
4 23 11 5 47
18 15 44 46 34 6 13 42 45 2 32 38 18 41 32 22 7 11 25
19 22 30 40 44 35 7 25 6 30 4 19 45 48 13 15 47 6 10 39
17 32 35 1 44 36 28 14 1 12 28 12 21 47 48 9 17 8
7 34 33 32 45 29 22 37
2 23 21
1 43
15 31 25 10 37 24 18 13 6 2 26 42 4 31 1 16
13 33 43 32 13 49 36 45 44 8 3 25 31 8
3 31 19 16
1 36
19 2 2 38 41 21 30 34 3 18 2 35 9 18 26 24 20 4 28 35
15 27 45 26 20 3 30 27 33 31 6 14 16 31 40 6
13 4 28 42 46 37 11 41 17 7 48 49 33 25
8 42 37 12 15 4 15 1 38
6 41 5 4 48 6 50
10 8 32 42 31 25 5 7 50 43 12
11 12 29 46 23 22 34 6 35 8 13 40
7 40 31 18 45 10 3 18
20 1 26 22 41 38 28 42 44 47 42 47 28 6 9 35 47 26 35 48 26
1 16
16 31 2 24 48 12 23 5 21 4 36 8 4 23 16 30 17
10 33 38 13 21 9 37 48 48 46 12
16 49 1 34 39 47 9 36 20 41 19 4 15 22 8 21 33
4 50 5 40 50
18 22 34 19 5 21 47 29 27 25 43 20 7 6 42 6 15 12 9
20 23 39 49 35 4 21 15 33 2 8 41 28 37 12 26 50 39 35 39 20
9 19 22 32 19 13 34 46 43 33
1 36
17 20 6 18 13 28 7 29 5 36 25 36 21 16 19 21 12 15
1 12
15 30 39 15 44 31 9 13 8 37 42 33 40 38 12 31
2 6 44
2 47 26
7 43 22 25 12 5 31 47
13 3 17 49 9 4 34 10 11 4 29 26 1 1
3 15 22 39
6 8 8 11 23 24 8
14 32 30 22 26 30 47 32 6 14 18 49 29 34 28
20 2 28 19 33 27 22 9 29 30 41 49 44 26 13 1 34 21 47 4 39
19 29 36 23 40 42 40 41 16 28 44 32 2 34 6 15 16 45 3 44
15 6 50 38 37 30 3 39 11 41 1 42 1 47 18 4
12 8 13 42 36 15 37 26 32 14 27 20 50
2 18 32
14 45 46 47 35 29 31 26 5 40 6 16 49 34 16
10 46 31 9 18 28 44 15 16 20 37
5 28 9 19 12 27
16 2 10 7 47 12 13 3 38 12 16 19 26 42 5 32 22
15 28 41 27 31 39 33 25 23 38 6 19 8 28 38 46
1 41
3 32 29 14
5 7 23 44 49 27
15 20 18 49 41 47 14 9 13 46 2 20 42 19 35 22
1 40
8 42 13 31 13 39 2 43 7
14 48 1 3 36 28 46 5 38 20 20 29 49 6 40
3 1 43 35
3 30 35 46
10 14 39 31 38 12 3 46 40 20 40
6 45 16 13 8 4 24
15 17 41 34 30 21 35 16 40 15 28 6 19 12 16 46
12 34 33 39 29 27 3 4 45 48 27 11 27
5 31 37 3 49 10
8 48 44 18 48 4 32 40 39
1 25
9 18 48 5 30 15 40 45 3 48
5 47 37 30 14 42
1 16
15 49 20 43 35 49 36 37 30 2 19 16 4 43 48 43
12 23 47 30 33 22 18 18 14 45 14 31 40
11 3 46 46 14 26 50 4 5 17 37 23
5 1 35 9 49 46
5 37 42 1 9 49
8 38 5 20 43 1 20 33 27
7 3 12 22 11 38 10 31
8 16 16 22 45 42 10 44 14
11 25 32 5 24 4 19 4 6 29 18 50
18 40 17 28 11 30 48 21 12 1 27 23 50 5 22 34 27 50 10
1 39
13 47 1 31 10 40 38 41 10 35 9 13 47 40
15 2 30 34 16 49 12 6 29 42 19 34 37 38 1 31
12 1 15 49 13 4 43 49 20 40 13 12 35
7 46 29 40 44 20 26 18
15 25 40 10 39 17 37 6 18 16 30 15 27 9 19 30
16 33 19 25 8 42 11 26 27 6 4 47 30 47 23 26 10
5 36 21 21 10 15
12 15 8 31 39 39 7 29 11 4 23 20 3
17 46 9 28 50 28 20 7 31 5 11 15 49 23 9 15 3 7
6 24 45 30 23 44 18
13 40 42 8 32 50 8 22 39 12 23 1 33 50
5 18 20 15 28 18
14 30 12 2 31 26 8 34 10 47 32 14 3 8 40
3 33 7 28
9 16 1 27 12 5 38 22 18 26
8 6 15 7 3 7 34 19 38
14 48 22 47 30 6 48 44 11 18 20 43 28 17 9
2 17 6
15 36 38 18 1 43 4 19 33 39 4 37 28 18 41 27
12 22 14 11 7 6 9 11 15 37 50 18 5
19 45 48 4 4 33 25 48 25 40 40 23 40 30 4 36 46 18 28 32
6 30 12 21 20 26 31
19 33 20 3 25 7 13 2 32 39 41 18 47 26 1 28 44 15 21 25
10 9 12 31 42 49 18 6 31 48 8
6 17 9 26 24 41 8
1 6
3 21 44 14
15 46 30 26 28 46 17 31 50 43 41 9 13 11 41 46
11 20 5 34 9 6 34 3 18 48 16 38
20 19 45 16 42 5 23 19 48 40 27 40 1 25 17 21 7 26 47 28 28
18 5 14 22 10 4 21 38 31 9 34 14 44 37 36 7 26 19 16
19 3 9 26 46 30 28 28 36 2 20 28 35 29 37 28 44 49 43 39
3 18 31 19
12 43 47 37 41 30 25 22 21 40 47 21 21
16 31 31 32 12 42 35 44 8 48 44 41 20 23 6 10 44
12 42 48 26 8 20 9 18 28 15 3 35 44
16 38 13 32 35 48 36 5 4 12 48 12 46 10 33 34 37
12 6 29 11 48 35 8 38 30 33 35 49 34
12 50 42 30 37 50 11 7 38 14 43 47 27
4 29 1 26 27
7 37 19 14 8 43 13 20
7 25 37 13 25 46 6 31
5 16 21 24 11 13
5 34 29 40 16 13
15 35 8 5 50 40 35 46 22 25 3 15 4 12 43 19
10 18 49 10 12 36 25 11 17 41 29
9 16 29 2 31 8 29 40 31 13
9 16 12 23 11 18 33 15 38 19
6 20 3 10 10 4 27
2 21 24
18 30 44 17 20 1 3 32 11 23 42 40 30 35 25 27 50 48 38
3 11 21 46
6 3 11 22 19 8 10
9 38 39 2 8 2 5 35 23 16
11 3 46 31 46 30 49 9 31 9 28 48
19 5 45 37 34 27 22 38 46 30 36 7 25 47 19 18 41 15 35 25
15 22 29 42 47 8 42 24 38 31 22 21 3 18 12 27
10 42 20 29 6 5 36 12 30 15 11
8 14 44 32 28 4 6 29 18
2 12 26
17 50 20 11 22 14 20 22 11 48 33 11 1 26 8 5 36 17
15 21 17 11 28 18 15 47 45 27 21 11 22 20 28 48
4 26 13 41 38
20 14 41 11 13 27 46 37 25 14 14 6 38 42 50 32 1 49 25 19 18
5 49 14 8 42 16
10 34 21 23 48 18 26 25 4 30 19
1 44
10 45 50 40 40 1 42 15 31 28 32
1 42
4 27 14 43 15
6 37 14 35 7 17 20
11 11 22 21 15 20 8 21 34 50 27 10
8 34 36 38 11 41 30 6 14
9 49 21 32 35 7 35 9 38 31
10 24 40 25 18 46 10 28 16 34 40
16 4 5 38 4 6 49 42 38 9 16 19 35 43 49 29 4
2 38 42
19 12 2 45 26 24 6 39 44 8 10 18 49 39 6 20 12 48 25 33
2 14 8
7 48 43 22 6 5 39 48
13 50 19 17 36 48 1 35 18 23 37 48 2 12
15 45 47 17 18 38 10 34 6 22 34 44 50 43 1 3
2 29 1
19 34 21 30 44 7 6 23 48 13 7 46 36 9 9 37 27 3 48 3
9 34 10 11 42 9 26 28 19 4
1 34
2 35 42
2 48 2
11 43 11 12 9 31 10 30 18 17 38 24
10 42 44 6 2 28 41 48 38 46 18
19 44 35 24 29 28 41 5 8 19 13 16 16 46 14 8 24 34 8 5
15 11 49 30 8 31 49 40 37 9 49 11 46 39 43 37
18 25 26 17 10 43 11 12 40 9 49 3 42 45 1 9 24 40 47
7 9 13 29 43 25 11 29
18 2 46 10 36 38 2 33 34 4 39 47 14 45 12 21 4 8 22
8 40 21 49 46 50 46 42 11
3 29 29 39
14 40 23 26 32 48 39 7 19 12 50 32 49 17 15
10 36 27 14 6 8 6 31 39 3 14
9 10 20 18 48 47 28 50 44 2
4 1 42 8 26
20 37 6 8 50 35 9 23 32 41 35 13 32 22 16 14 41 3 34 47 2
20 4 8 48 22 27 7 16 37 9 23 49 45 11 44 28 21 39 19 34 21
3 10 19 21
4 4 11 3 41
13 35 2 27 50 6 3 3 18 9 28 42 30 8
20 25 16 15 35 23 11 45 9 16 9 32 47 12 23 8 35 39 19 30 20
17 8 27 3 42 42 14 9 34 10 17 35 45 50 6 11 42 12
5 15 11 20 17 23
7 9 49 46 39 44 14 14
9 32 37 28 37 13 38 41 1 5
1 10
6 13 40 15 29 47 16
3 10 13 34
1 50
8 7 16 29 27 40 43 36 50
4 46 47 35 42
10 40 31 6 21 8 40 49 24 5 10
9 10 28 37 22 47 43 3 7 41
3 39 21 40
9 16 10 5 8 49 16 39 35 11
4 24 30 29 4
17 34 11 44 21 2 5 45 2 45 16 33 36 42 39 2 9 12
11 33 37 34 36 48 19 13 38 12 46 26
20 43 37 18 36 16 3 17 18 48 28 38 34 40 10 42 24 19 49 8 32
9 1 28 27 20 44 46 25 44 26
10 49 21 39 32 5 25 22 41 2 26
15 46 28 10 44 40 43 49 34 18 2 38 32 12 46 29
6 17 16 47 50 48 33
1 48
15 27 31 32 12 19 34 1 24 14 28 15 19 43 24 8
15 49 46 41 30 14 9 15 33 40 47 5 26 24 9 10
5 24 32 17 22 8
16 13 25 48 22 34 2 25 4 38 14 13 43 35 48 2 8
8 40 4 11 42 2 34 48 32
9 39 18 10 44 31 25 49 38 49
11 30 30 2 4 9 3 12 24 37 45 10
16 11 45 45 49 24 45 35 6 1 32 13 26 34 8 11 3
1 48
8 34 23 39 12 38 13 9 45
2 12 5
16 7 33 21 24 17 17 30 19 30 6 19 4 40 5 6 10
14 16 12 31 7 41 43 41 9 48 24 4 45 19 42
15 14 14 13 16 42 5 16 50 22 47 3 33 45 41 11
12 11 3 16 2 21 18 16 23 39 30 7 13
9 8 46 10 7 48 39 7 21 37
9 33 39 21 25 50 30 25 3 2
16 13 23 33 39 41 34 21 18 28 5 43 19 24 34 17 7
2 16 36
8 44 37 43 5 41 47 31 35
8 45 42 28 16 48 38 12 45
15 31 10 39 13 47 34 50 20 31 44 48 12 20 16 38
19 37 22 16 30 18 23 30 28 19 3 41 9 18 19 19 25 25 22 22
20 27 35 29 25 43 47 40 13 31 25 35 7 17 11 17 17 26 26 32 18
13 50 28 25 19 27 7 39 2 25 28 33 33 33
20 36 28 29 24 49 6 15 7 40 18 25 46 21 39 46 32 4 12 15 26
13 3 3 5 11 39 15 10 27 41 37 8 10 21
11 16 28 46 6 15 12 43 10 40 27 1
6 6 12 29 25 5 17
11 1 26 47 47 45 13 14 13 22 23 10
7 6 34 10 36 7 50 10
13 33 14 28 47 30 3 37 36 9 26 1 29 49
12 39 48 33 26 6 12 38 15 8 23 38 38
2 29 5
10 27 10 36 44 22 27 27 3 21 44
9 12 15 48 46 16 2 15 12 47
20 25 16 21 15 27 40 5 17 28 29 30 4 7 22 10 43 9 22 46 25
17 50 11 16 41 14 28 41 18 28 13 43 35 32 14 23 35 38
6 49 49 48 2 31 29
4 27 20 6 33
17 32 1 11 43 33 40 22 14 1 30 34 46 33 13 18 20 19
5 38 3 44 32 17
14 39 44 28 46 37 26 33 32 13 2 44 1 19 48
18 49 32 32 2 11 41 11 4 38 10 48 47 2 42 35 29 50 37
7 7 4 38 12 33 33 14
2 46 40
18 43 13 18 3 26 44 50 24 8 22 41 34 35 6 43 19 48 30
7 47 4 5 27 26 39 5
14 13 9 11 9 36 48 46 27 42 20 23 11 16 5
20 21 26 24 25 15 17 8 28 37 48 45 6 17 37 16 18 1 19 7 18
2 2 45
2 43 47
2 50 8
19 36 27 47 21 37 49 8 32 31 48 8 26 42 6 10 2 19 25 15
14 23 1 13 47 16 14 4 50 25 5 30 30 28 50
5 14 44 1 39 39
8 12 21 42 1 32 6 6 23
10 6 42 11 9 39 24 35 25 22 30
3 40 15 2
8 26 47 13 39 34 37 38 22
19 3 31 2 14 36 15 37 44 18 30 34 22 45 25 15 36 26 33 35
20 26 32 30 22 21 22 47 23 27 13 31 23 11 24 27 32 34 12 25 39
12 25 19 50 50 38 15 22 5 17 31 20 32
8 39 5 13 44 45 21 31 34
15 9 5 49 16 30 2 38 9 19 27 43 50 28 7 29
10 14 5 39 24 1 49 33 23 9 40
6 36 3 37 11 44 27
3 17 49 6
3 24 21 40
7 12 49 43 44 22 45 33
1 2
7 27 19 30 22 41 6 4
12 26 49 34 10 9 48 43 9 18 50 48 27
10 45 15 50 45 43 43 4 10 33 5
18 7 50 31 17 23 35 4 17 8 22 36 41 13 21 16 36 18 38
3 1 5 47
4 4 37 41 3
14 18 24 19 22 34 5 22 9 8 47 9 12 48 48
6 22 31 5 42 30 4
2 20 14
6 2 9 46 8 28 25
17 26 40 4 39 23 25 49 37 22 30 28 45 9 32 32 49 21
16 34 31 16 36 22 34 15 26 32 42 25 24 18 15 25 4
1 26
10 41 22 37 32 50 3 38 50 49 9
4 49 24 11 48
12 33 20 32 43 14 4 3 24 18 7 38 9
12 35 44 41 37 7 1 17 20 27 21 41 49
2 8 11
3 23 26 47
16 44 13 21 36 38 20 6 5 9 37 42 36 7 31 37 22
16 45 22 32 1 15 36 44 37 32 16 28 2 10 35 50 9
7 47 25 26 36 34 36 29
3 41 5 3
10 18 28 11 9 33 29 45 2 49 41
19 1 6 38 28 3 49 43 3 30 11 15 1 16 29 3 2 9 33 33
9 29 19 28 42 1 42 5 27 49
6 19 15 34 22 13 39
18 48 30 45 44 45 33 29 21 28 35 15 32 30 44 9 14 28 31
19 30 10 24 47 13 11 43 28 25 20 33 46 29 8 1 25 13 1 41
14 13 17 33 31 11 35 28 4 27 50 20 29 27 7
19 15 1 14 28 23 9 39 12 3 44 3 24 37 21 3 44 10 11 38
7 34 40 30 31 1 39 25
3 37 35 43
1 21
9 32 26 18 16 18 32 18 41 49
14 4 2 9 37 24 13 37 46 46 29 31 25 25 25
6 29 40 21 29 3 34
14 5 19 21 26 36 18 2 36 45 40 25 3 17 6
11 12 4 50 25 24 17 37 36 13 46 18
1 19
9 11 32 49 39 11 49 41 33 15
12 31 18 44 9 12 12 12 19 48 28 45 39
20 15 30 28 4 16 7 50 26 33 15 30 49 10 36 37 11 8 26 44 29
13 39 23 32 48 19 9 27 23 37 3 25 41 4
13 29 23 10 29 47 15 10 31 27 20 50 25 34
6 11 34 10 16 24 11
6 38 35 39 24 39 37
13 26 11 10 8 40 6 42 6 8 34 5 23 49
19 37 40 40 8 4 3 21 26 27 48 26 17 48 13 50 6 27 15 9
16 46 12 47 42 16 11 6 42 39 45 39 28 14 13 3 26
10 49 28 24 38 12 29 48 21 11 7
9 5 40 21 5 45 15 23 45 13
19 25 23 29 16 22 48 17 25 41 4 8 12 8 5 39 2 13 17 34
13 15 32 31 21 15 33 28 6 41 35 40 48 30
7 42 26 13 24 34 22 23
20 31 29 17 2 24 7 10 40 1 18 15 36 32 30 23 26 13 22 3 19
1 14
2 33 38
5 28 5 46 24 35
10 39 28 31 26 22 18 49 16 32 36
6 11 28 26 43 16 32
16 45 34 14 18 46 20 45 26 43 21 4 8 32 12 23 3
3 27 4 37
6 4 5 10 19 14 36
9 33 46 40 21 22 10 34 42 29
11 5 50 5 41 8 25 13 30 6 12 14
20 46 40 30 42 3 29 6 7 30 41 43 14 21 37 19 25 8 36 36 42
18 8 45 3 8 5 31 42 8 48 5 19 42 5 8 13 40 43 18
15 49 49 10 38 46 32 43 45 25 37 32 22 32 12 15
3 44 13 24
15 19 22 35 12 17 39 16 10 19 25 33 29 27 32 48
16 1 15 36 34 19 10 21 16 2 28 40 32 19 46 31 49
17 16 31 7 48 46 4 28 24 1 38 4 29 2 27 26 37 15
4 36 3 37 15
13 39 29 1 35 40 13 48 28 34 28 21 16 18
10 39 6 9 6 33 22 48 25 24 46
2 7 49
7 47 5 15 30 10 37 10
5 18 37 47 25 21
13 17 49 38 37 3 41 32 4 50 2 6 14 36
8 18 34 16 20 30 50 25 27
16 6 3 14 30 17 7 4 11 11 10 18 50 22 28 13 7
6 3 28 23 1 22 16
17 20 9 27 3 13 18 11 29 38 49 49 23 28 39 27 45 15
3 34 29 22
17 48 24 14 16 43 15 19 16 23 14 26 19 5 5 25 22 20
6 33 1 12 50 49 22
8 14 13 43 18 16 6 43 30
18 37 12 5 16 7 14 17 4 41 7 8 1 46 47 11 9 41 29
14 33 37 42 17 30 44 7 26 16 37 13 8 37 18
11 37 19 33 44 19 20 8 12 44 30 44
18 28 26 43 48 17 4 2 25 44 42 40 15 46 41 14 17 45 9
15 17 3 6 3 9 50 27 9 30 8 22 45 42 12 34
16 19 32 45 23 37 46 22 45 40 10 31 34 15 12 5 29
3 47 10 40
17 15 14 47 20 35 5 42 37 8 34 31 9 50 17 13 10 22
13 1 15 24 11 38 19 15 48 36 10 43 32 18
8 38 14 28 46 8 16 39 6
4 7 45 12 12
20 3 26 18 28 9 49 10 17 6 4 15 5 46 3 23 48 29 35 42 9
17 24 34 40 3 49 22 28 35 3 38 20 24 16 21 23 48 31
5 49 50 5 44 1
2 29 17
11 10 17 19 35 37 44 48 37 2 28 35
9 15 6 34 34 35 16 5 36 4
10 21 42 36 25 13 50 29 46 20 12
7 26 27 21 17 4 48 41
16 47 50 36 7 29 26 2 2 27 43 18 9 24 9 27 14
12 9 42 38 46 39 13 24 47 7 3 49 37
11 7 38 24 20 26 25 45 1 30 9 18
16 16 35 47 36 28 22 35 47 3 33 21 38 40 2 18 48
4 7 42 14 23
13 45 19 1 8 37 17 6 36 31 46 22 3 47
8 22 50 41 50 31 21 46 7
18 39 25 50 38 12 3 34 41 40 17 13 13 3 25 4 49 5 33
6 6 48 42 10 38 42
9 5 14 31 45 43 18 1 35 13
8 23 38 5 5 43 39 45 38
7 4 2 41 16 50 1 26
14 30 14 17 21 46 26 47 30 33 50 46 45 24 34
10 16 47 44 9 23 33 46 33 1 50
5 5 42 34 6 46
17 26 37 23 30 13 14 22 49 22 7 12 41 23 36 27 12 5
9 50 7 4 3 17 12 50 4 39
2 11 6
18 27 35 50 18 38 12 10 46 1 24 14 4 18 8 34 44 40 3
15 7 11 30 26 49 8 49 4 23 19 30 21 11 7 7
5 32 36 34 27 47
7 17 45 29 8 36 31 7
2 4 49
6 22 4 4 47 9 38
15 45 2 48 9 42 32 31 44 14 23 24 50 32 23 8
13 6 11 48 1 17 18 18 22 33 25 27 43 1
15 47 45 2 34 35 39 31 21 35 33 16 24 19 2 50
1 29
16 17 12 19 26 22 3 30 45 48 17 43 3 36 6 31 17
12 39 34 26 15 24 10 4 48 3 24 28 27
7 26 1 48 37 31 17 35
3 38 25 20
8 49 22 34 43 42 30 32 40
11 18 32 48 31 47 36 21 4 29 36 40
17 48 33 37 27 28 31 22 12 48 43 35 35 7 15 42 46 8
14 27 5 17 35 26 38 32 16 13 16 17 1 41 16
4 41 31 33 32
11 12 46 7 37 32 32 42 36 12 11 41
19 5 45 15 26 45 50 1 42 47 24 6 37 43 36 9 31 6 21 12
12 11 30 11 50 21 4 4 38 11 45 41 28
3 49 4 12
8 6 25 43 13 34 11 17 32
7 38 33 35 35 28 12 16
15 23 33 18 9 1 27 29 49 31 19 27 46 15 40 40
3 31 33 35
2 31 19
12 36 50 3 35 33 37 41 11 34 37 39 10
15 6 36 10 32 9 46 27 49 30 26 49 23 9 39 24
8 28 18 31 43 23 6 45 36
10 8 42 37 6 20 3 33 8 4 2
16 13 2 21 30 34 12 8 44 50 5 16 5 30 23 5 18
9 32 8 45 50 37 40 21 31 44
13 5 15 11 26 16 16 38 15 19 30 43 4 26
10 23 39 43 46 48 48 16 15 49 39
10 28 22 14 40 32 23 39 26 34 38
2 27 35
11 5 21 36 46 37 15 27 31 13 3 4
16 46 28 39 38 36 47 13 18 3 5 32 46 8 24 35 20
12 36 43 26 7 27 11 17 4 6 45 26 41
7 4 35 42 5 5 23 47
8 28 29 9 18 41 3 28 28
7 16 7 31 32 43 24 32
15 12 21 39 17 3 11 40 1 34 26 48 28 42 1 23
2 47 34
15 27 10 4 7 7 39 40 23 41 14 36 31 33 2 35
7 35 41 19 37 18 38 5
19 36 46 3 41 20 44 45 9 23 12 18 23 42 27 25 42 38 28 5
8 36 21 50 46 18 13 24 18
4 26 8 27 45
8 37 42 25 5 27 31 32 27
11 8 17 22 46 28 15 38 26 20 17 45
18 10 7 16 48 23 50 18 45 32 36 15 25 2 43 26 10 25 17
1 22
19 10 28 11 36 20 35 44 34 32 29 41 3 2 24 30 10 17 41 12
20 3 48 40 3 7 27 11 17 46 23 15 36 10 37 5 15 31 7 2 15
8 18 30 40 8 17 22 26 40
14 18 11 43 8 19 2 32 26 19 5 32 26 3 2
12 17 31 22 36 23 36 34 41 8 18 34 23
2 1 27
3 33 41 6
11 49 17 42 23 31 26 22 14 44 40 34
2 27 6
16 36 8 1 48 27 26 42 12 26 22 49 5 4 46 10 34
14 47 16 50 45 34 10 11 4 6 14 14 39 7 39
6 22 20 37 40 13 9
12 30 41 1 6 35 27 43 29 11 43 4 42
18 14 39 42 30 43 21 40 40 19 32 3 8 41 2 12 44 41 9
1 30
7 27 49 23 3 32 19 3
9 43 27 2 27 13 13 10 32 10
6 48 30 29 5 12 7
3 20 15 22
8 4 30 40 43 46 48 22 38
5 19 37 11 44 17
20 50 4 34 11 19 16 36 46 22 28 43 27 16 21 36 41 19 17 47 40
8 45 29 22 16 1 34 38 6
3 28 3 11
10 11 38 40 42 48 4 20 43 38 42
7 1 34 6 43 36 10 35
9 47 23 48 3 29 25 25 21 1
7 40 29 44 30 34 8 45
15 13 3 23 30 27 35 37 43 50 35 48 45 11 23 6
11 13 18 24 27 12 23 40 20 24 9 8
12 47 3 38 41 48 13 24 11 40 21 26 26
7 24 10 1 38 21 35 41
2 10 17
11 47 48 18 27 38 30 33 17 41 14 42
15 48 10 13 39 26 26 21 50 18 41 42 15 20 25 19
7 13 48 10 36 22 40 3
20 41 38 43 33 22 44 30 28 5 28 16 46 30 20 4 2 11 1 24 4
6 35 45 6 23 14 43
7 20 35 22 8 50 5 15
12 3 41 27 9 8 35 24 23 38 50 36 48
18 28 7 23 49 42 48 35 17 7 24 12 40 18 29 2 49 35 28
6 10 1 7 18 16 47
18 44 39 21 43 45 18 25 44 19 22 49 30 10 30 24 38 14 27
4 35 48 27 39
3 12 8 32
13 47 37 2 21 23 20 3 14 28 30 38 29 14
20 9 25 48 33 45 27 45 16 49 32 12 29 14 22 18 21 23 38 18 19
7 23 46 20 8 38 46 32
16 37 37 45 27 49 45 45 10 13 31 8 30 44 26 46 14
13 44 49 25 29 18 49 34 45 42 17 20 7 11
14 10 32 33 15 12 46 11 20 37 8 4 13 26 24
20 2 46 16 34 28 24 37 19 37 23 42 3 36 7 35 13 29 18 6 37
10 36 13 16 35 45 29 16 40 20 38
5 49 16 3 40 25
17 17 49 15 15 43 8 38 15 13 45 19 6 43 37 47 1 30
18 2 18 10 3 5 12 48 12 11 34 15 43 43 26 27 50 29 23
7 44 27 5 2 9 3 32
8 41 1 38 5 39 4 9 40
9 33 33 2 37 19 22 39 22 19
5 43 16 45 22 36
5 48 8 25 17 34
7 41 16 39 24 44 41 20
8 15 8 50 28 23 8 11 40
11 29 30 18 41 19 25 41 34 2 14 12
3 11 44 10
7 2 9 46 24 28 5 14
20 37 16 23 42 18 47 31 44 32 28 37 3 5 28 34 40 9 2 33 20
2 8 2
18 17 4 23 25 19 8 31 15 50 36 34 35 22 22 9 46 7 43
14 24 33 5 32 26 25 4 43 28 28 13 13 13 27
19 8 44 26 32 50 30 37 1 31 28 6 20 19 15 29 28 15 19 48
7 26 25 30 11 8 25 10
4 29 34 39 11
20 41 32 12 12 18 41 25 48 13 49 20 8 46 50 27 8 29 32 2 30
2 45 4
9 25 25 11 32 2 26 16 4 25
11 42 47 7 50 28 7 43 23 3 3 50
8 48 8 50 3 38 38 22 1
12 34 7 9 18 20 6 18 44 20 25 45 19
1 46
7 14 11 22 40 21 37 7
14 26 23 7 31 12 12 23 33 47 2 43 15 42 36
13 1 20 34 6 10 36 1 6 39 20 39 1 43
3 50 43 17
1 48
8 9 47 34 29 22 6 9 37
3 6 16 42
13 4 11 40 32 10 40 29 43 17 4 43 34 9
9 3 23 20 6 44 33 10 10 45
2 27 48
7 42 15 23 34 30 42 33
4 39 10 15 18
18 45 37 41 21 41 34 38 34 25 7 46 37 34 3 46 27 49 7
4 5 34 20 49
13 29 17 29 3 9 3 37 18 37 39 2 42 23
18 4 48 14 9 25 25 5 20 38 37 36 4 49 14 29 42 47 22
13 2 50 34 47 24 13 34 28 44 12 3 48 29
17 11 24 6 35 3 36 8 29 8 7 42 48 24 38 29 46 21
8 40 50 25 20 22 30 36 19
18 44 8 34 44 30 22 14 27 6 31 39 17 23 50 26 6 24 14
16 33 22 50 26 23 36 19 17 22 24 27 31 30 15 28 46
7 47 9 9 6 15 4 23
15 3 9 38 16 11 10 3 22 28 33 34 42 41 48 29
14 26 28 48 42 22 27 37 3 31 22 49 10 11 24
15 40 1 21 38 31 11 3 6 7 12 43 30 39 25 8
15 32 36 17 44 9 19 23 7 30 40 40 12 40 43 13
10 41 12 39 37 45 41 22 28 26 13
1 31
9 13 14 45 9 34 30 33 45 18
17 3 41 3 11 7 25 19 50 22 7 48 23 32 44 19 39 28
19 17 4 32 22 9 37 13 43 43 3 38 12 25 13 33 43 6 23 4
20 33 18 32 34 14 31 45 9 45 37 39 21 6 27 10 26 49 47 26 41
13 13 28 18 18 35 31 40 37 2 38 14 21 37
17 8 30 47 12 35 20 29 16 12 5 46 46 30 24 15 44 46
16 27 5 45 20 14 48 31 46 39 31 41 8 30 46 43 10
11 1 20 21 29 29 24 42 28 32 44 20
10 9 38 15 15 12 43 6 33 30 40
1 39
2 15 30
4 48 38 24 20
4 3 24 28 14
6 12 42 1 30 3 43
5 50 6 6 27 37
14 5 14 22 12 48 41 31 49 49 18 15 20 39 43
2 16 43
2 1 37
11 46 49 41 25 43 33 22 17 35 33 44
18 45 4 13 1 24 20 22 35 5 48 35 44 17 39 4 20 10 48
5 17 27 39 2 40
5 31 19 16 22 22
4 38 6 34 14
2 19 36
16 19 39 14 28 25 1 23 18 21 30 25 4 17 43 21 30
11 43 46 11 24 11 50 18 44 21 28 18
6 2 16 17 32 33 23
