11 32 12 20 35 4 27 26 17 2 43 33
18 20 24 47 28 33 31 34 20 50 8 13 36 19 18 22 31 38 19
5 6 12 41 50 13
6 42 2 8 8 34 44
12 22 29 19 27 31 21 13 49 10 45 37 37
10 48 44 40 46 27 31 49 47 49 40
19 38 13 34 29 20 47 15 35 3 11 3 16 13 42 37 36 24 20 13
4 9 15 49 36
2 2 21
4 38 19 28 26
14 36 19 29 29 36 32 45 42 16 12 2 17 5 32
11 12 15 23 28 4 12 39 43 40 24 30
16 50 31 15 39 48 17 49 14 30 22 37 27 40 22 4 28
19 41 19 31 35 25 49 41 35 11 32 7 37 25 40 40 4 43 25 1
17 38 14 35 6 33 21 44 30 12 44 20 3 40 49 39 22 41
12 1 20 20 26 15 27 8 8 5 36 48 3
10 6 29 16 45 18 15 6 34 3 32
10 47 1 18 13 38 40 34 26 45 33
7 15 30 37 4 44 10 9
