31 15 451 277 621 61 280 361 529 770 166 918 106 347 69 404 708 26 1 n 521 t 727 t 820 n 307 n 918 t 56 t 947 t 196 n 567 n 105 t 597 n 621 n 831 n 576 t 478 n 312 n 753 t 399 t 288 n 150 n 594 n 78 n 234 t 466 n 37 t
89 24 793 294 618 838 842 804 791 471 519 421 518 94 268 564 19 67 403 128 965 763 123 254 236 154 42 1 n 888 t 466 t 272 t 788 n 766 t 312 n 933 t 473 t 28 t 549 n 48 t 592 n 895 n 665 t 459 n 599 t 875 t 567 t 668 n 441 n 663 t 472 n 512 n 216 t 311 n 117 t 843 n 392 n 599 t 3 t 309 t 136 t 770 t 935 n 662 t 307 t 102 t 708 t 115 n 715 t 662 t
30 13 853 10 867 574 115 674 7 679 677 258 752 812 244 17 580 t 112 t 504 t 712 t 1 n 147 n 905 t 180 t 121 n 259 t 490 n 436 n 414 n 425 t 254 t 89 t 930 t
43 32 243 56 289 903 600 751 160 24 738 23 45 806 149 845 553 944 781 753 444 322 896 369 696 482 159 795 224 138 539 530 51 948 19 1 n 543 t 134 n 187 t 727 n 420 n 933 t 280 t 559 n 3 n 44 n 258 t 832 n 129 n 835 t 333 t 161 n 684 t 292 n
88 68 664 395 229 154 196 442 566 419 393 542 743 647 857 335 804 82 650 646 934 654 898 475 261 98 881 48 686 80 468 974 227 902 297 612 106 154 257 219 724 345 334 154 704 146 633 228 776 449 71 68 637 65 115 962 973 859 1 799 938 840 812 999 376 625 129 622 533 834 28 1 n 165 t 293 t 50 t 528 t 723 n 408 t 330 n 679 n 642 t 637 n 651 n 524 n 646 t 970 n 644 t 718 n 969 n 164 n 786 n 503 n 832 n 262 t 200 n 227 t 369 n 10 t 472 n
61 24 109 637 133 682 374 656 380 917 351 61 440 622 159 368 913 746 994 674 472 133 956 44 981 719 1 206 t
54 47 335 965 268 570 58 618 606 782 844 990 126 344 279 886 725 289 571 417 537 160 147 342 347 694 136 370 656 808 632 142 918 318 35 887 263 337 117 615 443 672 618 329 774 246 459 143 211 42 1 n 79 t 706 t 486 n 106 n 36 n 243 t 681 n 319 n 621 t 879 n 71 t 445 n 604 n 606 t 967 n 495 t 750 n 131 t 526 n 957 n 720 n 136 n 655 n 107 t 729 t 893 n 194 t 268 n 295 t 171 n 900 n 774 n 56 t 855 n 845 n 206 t 25 t 264 t 376 t 395 t 611 n
37 10 943 687 302 477 826 920 583 87 426 615 12 1 n 372 n 608 n 874 t 131 n 733 t 28 n 717 t 298 n 158 n 94 n 609 n
8 8 130 674 813 525 196 968 894 588 16 1 n 530 n 491 t 946 n 247 t 751 t 736 n 767 n 605 n 241 n 93 n 73 n 134 n 709 t 448 n 783 n
95 77 797 298 423 747 568 374 688 199 914 498 323 319 475 287 554 243 507 969 276 131 271 892 859 281 314 608 519 604 765 734 560 698 937 615 9 670 405 513 210 526 525 489 244 696 571 418 240 643 408 40 361 449 379 873 172 102 186 308 874 580 377 497 247 794 608 202 898 325 646 447 868 166 821 670 163 25 444 20 1 n 386 t 784 t 89 n 452 t 771 n 568 t 12 n 513 t 860 t 654 t 372 n 147 t 86 n 159 n 428 n 419 n 866 n 297 t 312 t
