V = [451, 277, 621, 61, 280, 361, 529, 770, 166, 307, 106, 347, 69, 404, 708, 1, 820, 196, 567, 597, 621, 831, 478, 312, 288, 150, 594, 78, 466]
V = [793, 294, 618, 838, 842, 804, 791, 471, 519, 421, 518, 94, 268, 564, 19, 67, 403, 128, 965, 763, 123, 254, 236, 154, 1, 788, 312, 549, 592, 895, 459, 668, 441, 472, 512, 311, 843, 392, 935, 115]
V = [853, 10, 867, 574, 115, 674, 7, 679, 677, 258, 752, 812, 244, 1, 147, 121, 490, 436, 414]
V = [243, 56, 289, 903, 600, 751, 160, 24, 738, 23, 45, 806, 149, 845, 553, 944, 781, 753, 444, 322, 896, 369, 696, 482, 159, 795, 224, 138, 539, 530, 51, 948, 1, 134, 727, 420, 559, 3, 44, 832, 129, 161, 292]
V = [664, 395, 229, 154, 196, 442, 566, 419, 393, 542, 743, 647, 857, 335, 804, 82, 650, 524, 934, 654, 898, 475, 261, 98, 881, 48, 686, 80, 468, 974, 200, 902, 297, 612, 106, 154, 257, 219, 724, 345, 334, 154, 704, 146, 633, 228, 776, 449, 71, 68, 637, 65, 115, 962, 973, 859, 1, 799, 938, 840, 812, 999, 376, 625, 129, 622, 533, 834, 1, 723, 330, 679, 637, 651, 970, 718, 969, 164, 786, 503, 832, 369, 472]
V = [109, 637, 133, 682, 374, 656, 380, 917, 351, 61, 440, 622, 159, 368, 913, 746, 994, 674, 472, 133, 956, 44, 981, 719]
V = [335, 965, 268, 570, 58, 618, 879, 782, 844, 990, 126, 344, 279, 886, 725, 289, 571, 417, 537, 160, 147, 342, 347, 694, 136, 370, 656, 808, 632, 142, 918, 318, 35, 887, 263, 337, 117, 615, 443, 672, 618, 329, 774, 246, 459, 143, 211, 1, 486, 106, 36, 681, 319, 967]
V = [943, 687, 302, 477, 826, 920, 583, 87, 426, 615, 1, 372, 608, 131, 28, 298, 158, 94, 609]
V = [130, 674, 813, 525, 196, 968, 894, 588]
V = [797, 298, 423, 747, 771, 374, 688, 199, 914, 498, 323, 319, 475, 287, 554, 243, 507, 969, 276, 131, 271, 892, 859, 281, 314, 608, 519, 604, 765, 734, 560, 698, 937, 615, 9, 670, 405, 12, 210, 526, 525, 489, 244, 696, 571, 418, 240, 643, 408, 40, 361, 449, 379, 873, 172, 102, 186, 308, 874, 580, 377, 497, 247, 794, 608, 202, 898, 325, 646, 447, 868, 166, 821, 670, 163, 25, 444, 1, 89, 372, 86, 159, 428, 419, 866]
